cor = 0.2758833
auc = 0.8141093
